1274,0.0000,0.0000,0.0
52275,0.0000,0.0000,0.0
53276,0.0000,0.0000,0.0
54277,0.0000,0.0000,0.0
55278,0.0000,0.0000,0.0
56279,0.0000,0.0000,0.0
57280,0.0000,0.0000,0.0
58281,0.0000,0.0000,0.0
59282,0.0000,0.0000,0.0
60283,0.0000,0.0000,0.0
61284,0.0000,0.0000,0.0
62285,0.0000,0.0000,0.0
63286,0.0000,0.0000,0.0
64287,0.0000,0.0000,0.0
65288,0.0000,0.0000,0.0
66289,0.0000,0.0000,0.0
67290,0.0000,0.0000,0.0
68291,0.0000,0.0000,0.0
69292,0.0000,0.0000,0.0
70293,0.0000,0.0000,0.0
71294,0.0000,0.0000,0.0
72295,0.0000,0.0000,0.0
73296,0.0000,0.0000,0.0
74297,0.0000,0.0000,0.0
75298,0.0000,0.0000,0.0
76299,0.0000,0.0000,0.0
77300,0.0000,0.0000,0.0
78301,0.0000,0.0000,0.0
79302,0.0000,0.0000,0.0
80303,0.0000,0.0000,0.0
81304,0.0000,0.0000,0.0
82305,0.0000,0.0000,0.0
83306,0.0000,0.0000,0.0
84307,0.0000,0.0000,0.0
85308,0.0000,0.0000,0.0
86309,0.0000,0.0000,0.0
87310,0.0000,0.0000,0.0
88311,0.0000,0.0000,0.0
89312,0.0000,0.0000,0.0
90313,0.0000,0.0000,0.0
91314,0.0000,0.0000,0.0
92315,0.0000,0.0000,0.0
93316,0.0000,0.0000,0.0
94317,0.0000,0.0000,0.0
95318,0.0000,0.0000,0.0
96319,0.0000,0.0000,0.0
97320,0.0000,0.0000,0.0
98321,0.0000,0.0000,0.0
99322,0.0000,0.0000,0.0
100323,0.0000,0.0000,0.0
101324,0.0000,0.0000,0.0
102325,0.0000,0.0000,0.0
103326,0.0000,0.0000,0.0
104327,0.0000,0.0000,0.0
105328,0.0000,0.0000,0.0
106329,0.0000,0.0000,0.0
107330,0.0000,0.0000,0.0
108331,0.0000,0.0000,0.0
109332,0.0000,0.0000,0.0
110333,0.0000,0.0000,0.0
111334,0.0000,0.0000,0.0
112335,0.0000,0.0000,0.0
113336,0.0000,0.0000,0.0
114337,0.0000,0.0000,0.0
115338,0.0000,0.0000,0.0
116339,0.0000,0.0000,0.0
117340,0.0000,0.0000,0.0
118341,0.0000,0.0000,0.0
119342,0.0000,0.0000,0.0
120343,0.0000,0.0000,0.0
121344,0.0000,0.0000,0.0
122345,0.0000,0.0000,0.0
123346,0.0000,0.0000,0.0
124347,0.0000,0.0000,0.0
125348,0.0000,0.0000,0.0
126349,0.0000,0.0000,0.0
127350,0.0000,0.0000,0.0
128351,0.0000,0.0000,0.0
129352,0.0000,0.0000,0.0
130353,0.0000,0.0000,0.0
131354,0.0000,0.0000,0.0
132355,0.0000,0.0000,0.0
133356,0.0000,0.0000,0.0
134357,0.0000,0.0000,0.0
135358,0.0000,0.0000,0.0
136359,0.0000,0.0000,0.0
137360,0.0000,0.0000,0.0
138361,0.0000,0.0000,0.0
139362,0.0000,0.0000,0.0
140363,0.0000,0.0000,0.0
141364,0.0000,0.0000,0.0
142365,0.0000,0.0000,0.0
143366,0.0000,0.0000,0.0
144367,0.0000,0.0000,0.0
145368,0.0000,0.0000,0.0
146369,0.0000,0.0000,0.0
147370,0.0000,0.0000,0.0
148371,0.0000,0.0000,0.0
149372,0.0000,0.0000,0.0
150373,0.0000,0.0000,0.0
151374,0.0000,0.0000,0.0
152375,0.0000,0.0000,0.0
153376,0.0000,0.0000,0.0
154377,0.0000,0.0000,0.0
155378,0.0000,0.0000,0.0
156379,0.0000,0.0000,0.0
157380,0.0000,0.0000,0.0
158381,0.0000,0.0000,0.0
159382,0.0000,0.0000,0.0
160383,0.0000,0.0000,0.0
161384,0.0000,0.0000,0.0
162385,0.0000,0.0000,0.0
163386,0.0000,0.0000,0.0
164387,0.0000,0.0000,0.0
165388,0.0000,0.0000,0.0
166389,0.0000,0.0000,0.0
167390,0.0000,0.0000,0.0
168391,0.0000,0.0000,0.0
169392,0.0000,0.0000,0.0
170393,0.0000,0.0000,0.0
171394,0.0000,0.0000,0.0
172395,0.0000,0.0000,0.0
173396,0.0000,0.0000,0.0
174397,0.0000,0.0000,0.0
175398,0.0000,0.0000,0.0
176399,0.0000,0.0000,0.0
177400,0.0000,0.0000,0.0
178401,0.0000,0.0000,0.0
179402,0.0000,0.0000,0.0
180403,0.0000,0.0000,0.0
181404,0.0000,0.0000,0.0
182405,0.0000,0.0000,0.0
183406,0.0000,0.0000,0.0
184407,0.0000,0.0000,0.0
185408,0.0000,0.0000,0.0
186409,0.0000,0.0000,0.0
187410,0.0000,0.0000,0.0
188411,0.0000,0.0000,0.0
189412,0.0000,0.0000,0.0
190413,0.0000,0.0000,0.0
191414,0.0000,0.0000,0.0
192415,0.0000,0.0000,0.0
193416,0.0000,0.0000,0.0
194417,0.0000,0.0000,0.0
195418,0.0000,0.0000,0.0
196419,0.0000,0.0000,0.0
197420,0.0000,0.0000,0.0
198421,0.0000,0.0000,0.0
199422,0.0000,0.0000,0.0
200423,0.0000,0.0000,0.0
201424,0.0000,0.0000,0.0
202425,0.0000,0.0000,0.0
203426,0.0000,0.0000,0.0
204427,0.0000,0.0000,0.0
205428,0.0000,0.0000,0.0
206429,0.0000,0.0000,0.0
207430,0.0000,0.0000,0.0
208431,0.0000,0.0000,0.0
209432,0.0000,0.0000,0.0
210433,0.0000,0.0000,0.0
211434,0.0000,0.0000,0.0
212435,0.0000,0.0000,0.0
213436,0.0000,0.0000,0.0
214437,0.0000,0.0000,0.0
215438,0.0000,0.0000,0.0
216439,0.0000,0.0000,0.0
217440,0.0000,0.0000,0.0
218441,0.0000,0.0000,0.0
219442,0.0000,0.0000,0.0
220443,0.0000,0.0000,0.0
221444,0.0000,0.0000,0.0
222445,0.0000,0.0000,0.0
223446,0.0000,0.0000,0.0
224447,0.0000,0.0000,0.0
225448,0.0000,0.0000,0.0
226449,0.0000,0.0000,0.0
227450,0.0000,0.0000,0.0
228451,0.0000,0.0000,0.0
229452,0.0000,0.0000,0.0
230453,0.0000,0.0000,0.0
231454,0.0000,0.0000,0.0
232455,0.0000,0.0000,0.0
233456,0.0000,0.0000,0.0
234457,0.0000,0.0000,0.0
235458,0.0000,0.0000,0.0
236459,0.0000,0.0000,0.0
237460,0.0000,0.0000,0.0
238461,0.0000,0.0000,0.0
239462,0.0000,0.0000,0.0
240463,0.0000,0.0000,0.0
241464,0.0000,0.0000,0.0
242465,0.0000,0.0000,0.0
243466,0.0000,0.0000,0.0
244467,0.0000,0.0000,0.0
245468,0.0000,0.0000,0.0
246469,0.0000,0.0000,0.0
247470,0.0000,0.0000,0.0
248471,0.0000,0.0000,0.0
249472,0.0000,0.0000,0.0
250473,0.0000,0.0000,0.0
251474,0.0000,0.0000,0.0
252475,0.0000,0.0000,0.0
253476,0.0000,0.0000,0.0
254477,0.0000,0.0000,0.0
255478,0.0000,0.0000,0.0
256479,0.0000,0.0000,0.0
257480,0.0000,0.0000,0.0
258481,0.0000,0.0000,0.0
259482,0.0000,0.0000,0.0
260483,0.0000,0.0000,0.0
261484,0.0000,0.0000,0.0
262485,0.0000,0.0000,0.0
263486,0.0000,0.0000,0.0
264487,0.0000,0.0000,0.0
265488,0.0000,0.0000,0.0
266489,0.0000,0.0000,0.0
267490,0.0000,0.0000,0.0
268491,0.0000,0.0000,0.0
269492,0.0000,0.0000,0.0
270493,0.0000,0.0000,0.0
271494,0.0000,0.0000,0.0
272495,0.0000,0.0000,0.0
273496,0.0000,0.0000,0.0
274497,0.0000,0.0000,0.0
275498,0.0000,0.0000,0.0
276499,0.0000,0.0000,0.0
277500,0.0000,0.0000,0.0
278501,0.0000,0.0000,0.0
279502,0.0000,0.0000,0.0
280503,0.0000,0.0000,0.0
281504,0.0000,0.0000,0.0
282505,0.0000,0.0000,0.0
283506,0.0000,0.0000,0.0
284507,0.0000,0.0000,0.0
285508,0.0000,0.0000,0.0
286509,0.0000,0.0000,0.0
287510,0.0000,0.0000,0.0
288511,0.0000,0.0000,0.0
289512,0.0000,0.0000,0.0
290513,0.0000,0.0000,0.0
291514,0.0000,0.0000,0.0
292515,0.0000,0.0000,0.0
293516,0.0000,0.0000,0.0
294517,0.0000,0.0000,0.0
295518,0.0000,0.0000,0.0
296519,0.0000,0.0000,0.0
297520,0.0000,0.0000,0.0
298521,0.0000,0.0000,0.0
299522,0.0000,0.0000,0.0
300523,0.0000,0.0000,0.0
301524,0.0000,0.0000,0.0
302525,0.0000,0.0000,0.0
303526,0.0000,0.0000,0.0
304527,0.0000,0.0000,0.0
305528,0.0000,0.0000,0.0
306529,0.0000,0.0000,0.0
307530,0.0000,0.0000,0.0
308531,0.0000,0.0000,0.0
309532,0.0000,0.0000,0.0
310533,0.0000,0.0000,0.0
311534,0.0000,0.0000,0.0
312535,0.0000,0.0000,0.0
313536,0.0000,0.0000,0.0
314537,0.0000,0.0000,0.0
315538,0.0000,0.0000,0.0
316539,0.0000,0.0000,0.0
317540,0.0000,0.0000,0.0
318541,0.0000,0.0000,0.0
319542,0.0000,0.0000,0.0
320543,0.0000,0.0000,0.0
321544,0.0000,0.0000,0.0
322545,0.0000,0.0000,0.0
323546,0.0000,0.0000,0.0
324547,0.0000,0.0000,0.0
325548,0.0000,0.0000,0.0
326549,0.0000,0.0000,0.0
327550,0.0000,0.0000,0.0
328551,0.0000,0.0000,0.0
329552,0.0000,0.0000,0.0
330553,0.0000,0.0000,0.0
331554,0.0000,0.0000,0.0
332555,0.0000,0.0000,0.0
333556,0.0000,0.0000,0.0
334557,0.0000,0.0000,0.0
335558,0.0000,0.0000,0.0
336559,0.0000,0.0000,0.0
337560,0.0000,0.0000,0.0
338561,0.0000,0.0000,0.0
339562,0.0000,0.0000,0.0
340563,0.0000,0.0000,0.0
341564,0.0000,0.0000,0.0
342565,0.0000,0.0000,0.0
343566,0.0000,0.0000,0.0
344567,0.0000,0.0000,0.0
345568,0.0000,0.0000,0.0
346569,0.0000,0.0000,0.0
347570,0.0000,0.0000,0.0
348571,0.0000,0.0000,0.0
349572,0.0000,0.0000,0.0
350573,0.0000,0.0000,0.0
351574,0.0000,0.0000,0.0
352575,0.0000,0.0000,0.0
353576,0.0000,0.0000,0.0
354577,0.0000,0.0000,0.0
355578,0.0000,0.0000,0.0
356579,0.0000,0.0000,0.0
357580,0.0000,0.0000,0.0
358581,0.0000,0.0000,0.0
359582,0.0000,0.0000,0.0
360583,0.0000,0.0000,0.0
361584,0.0000,0.0000,0.0
362585,0.0000,0.0000,0.0
363586,0.0000,0.0000,0.0
364587,0.0000,0.0000,0.0
365588,0.0000,0.0000,0.0
366589,0.0000,0.0000,0.0
367590,0.0000,0.0000,0.0
368591,0.0000,0.0000,0.0
369592,0.0000,0.0000,0.0
370593,0.0000,0.0000,0.0
371594,0.0000,0.0000,0.0
372595,0.0000,0.0000,0.0
373596,0.0000,0.0000,0.0
374597,0.0000,0.0000,0.0
375598,0.0000,0.0000,0.0
376599,0.0000,0.0000,0.0
377600,0.0000,0.0000,0.0
378601,0.0000,0.0000,0.0
379602,0.0000,0.0000,0.0
380603,0.0000,0.0000,0.0
381604,0.0000,0.0000,0.0
382605,0.0000,0.0000,0.0
383606,0.0000,0.0000,0.0
384607,0.0000,0.0000,0.0
385608,0.0000,0.0000,0.0
386609,0.0000,0.0000,0.0
387610,0.0000,0.0000,0.0
388611,0.0000,0.0000,0.0
389612,0.0000,0.0000,0.0
390613,0.0000,0.0000,0.0
391614,0.0000,0.0000,0.0
392615,0.0000,0.0000,0.0
393616,0.0000,0.0000,0.0
394617,0.0000,0.0000,0.0
395618,0.0000,0.0000,0.0
396619,0.0000,0.0000,0.0
397620,0.0000,0.0000,0.0
398621,0.0000,0.0000,0.0
399622,0.0000,0.0000,0.0
400623,0.0000,0.0000,0.0
401624,0.0000,0.0000,0.0
402625,0.0000,0.0000,0.0
403626,0.0000,0.0000,0.0
404627,0.0000,0.0000,0.0
405628,0.0000,0.0000,0.0
406629,0.0000,0.0000,0.0
407630,0.0000,0.0000,0.0
408631,0.0000,0.0000,0.0
409632,0.0000,0.0000,0.0
410633,0.0000,0.0000,0.0
411634,0.0000,0.0000,0.0
412635,0.0000,0.0000,0.0
413636,0.0000,0.0000,0.0
414637,0.0000,0.0000,0.0
415638,0.0000,0.0000,0.0
416639,0.0000,0.0000,0.0
417640,0.0000,0.0000,0.0
418641,0.0000,0.0000,0.0
419642,0.0000,0.0000,0.0
420643,0.0000,0.0000,0.0
421644,0.0000,0.0000,0.0
422645,0.0000,0.0000,0.0
423646,0.0000,0.0000,0.0
424647,0.0000,0.0000,0.0
425648,0.0000,0.0000,0.0
426649,0.0000,0.0000,0.0
427650,0.0000,0.0000,0.0
428651,0.0000,0.0000,0.0
429652,0.0000,0.0000,0.0
430653,0.0000,0.0000,0.0
431654,0.0000,0.0000,0.0
432655,0.0000,0.0000,0.0
433656,0.0000,0.0000,0.0
434657,0.0000,0.0000,0.0
435658,0.0000,0.0000,0.0
436659,0.0000,0.0000,0.0
437660,0.0000,0.0000,0.0
438661,0.0000,0.0000,0.0
439662,0.0000,0.0000,0.0
440663,0.0000,0.0000,0.0
441664,0.0000,0.0000,0.0
442665,1.5070,1.5070,583.8
443666,2.2556,2.2556,1081.7
444667,2.2540,2.2540,1080.3
445668,2.2556,2.2556,1081.7
446669,2.2548,2.2548,1081.0
447670,2.2540,2.2540,1080.3
448671,2.2548,2.2548,1081.0
449672,2.2556,2.2556,1081.7
450673,2.2556,2.2556,1081.7
451674,2.2548,2.2548,1081.0
452675,2.2564,2.2564,1082.4
453676,2.2548,2.2548,1081.0
454677,2.2556,2.2556,1081.7
455678,2.2556,2.2556,1081.7
456679,2.2540,2.2540,1080.3
457680,2.2540,2.2540,1080.3
458681,2.2556,2.2556,1081.7
459682,2.2548,2.2548,1081.0
460683,2.2564,2.2564,1082.4
461684,2.2564,2.2564,1082.4
462685,2.2564,2.2564,1082.4
463686,2.2564,2.2564,1082.4
464687,2.2556,2.2556,1081.7
465688,2.2564,2.2564,1082.4
466689,2.2556,2.2556,1081.7
467690,2.2564,2.2564,1082.4
468691,2.2556,2.2556,1081.7
469692,2.2556,2.2556,1081.7
470693,2.2556,2.2556,1081.7
471694,2.2548,2.2548,1081.0
472695,2.2524,2.2524,1078.9
473696,2.2548,2.2548,1081.0
474697,2.2572,2.2572,1083.1
475698,2.2580,2.2580,1083.8
476699,2.2540,2.2540,1080.3
477700,2.2548,2.2548,1081.0
478701,2.2564,2.2564,1082.4
479702,2.2564,2.2564,1082.4
480703,2.2556,2.2556,1081.7
481704,2.2556,2.2556,1081.7
482705,2.2516,2.2516,1078.2
483706,2.2524,2.2524,1078.9
484707,2.2548,2.2548,1081.0
485708,2.2556,2.2556,1081.7
486709,2.2556,2.2556,1081.7
487710,2.2548,2.2548,1081.0
488711,2.2564,2.2564,1082.4
489712,2.2548,2.2548,1081.0
490713,2.2556,2.2556,1081.7
491714,2.2556,2.2556,1081.7
492715,2.2532,2.2532,1079.6
493716,2.2556,2.2556,1081.7
494717,2.2564,2.2564,1082.4
495718,2.2564,2.2564,1082.4
496719,2.2556,2.2556,1081.7
497720,2.2556,2.2556,1081.7
498721,2.2564,2.2564,1082.4
499722,2.2524,2.2524,1078.9
500723,2.2540,2.2540,1080.3
501724,2.2564,2.2564,1082.4
502725,2.2556,2.2556,1081.7
503726,2.2532,2.2532,1079.6
504727,2.2564,2.2564,1082.4
505728,2.2556,2.2556,1081.7
506729,2.2532,2.2532,1079.6
507730,2.2548,2.2548,1081.0
508731,2.2556,2.2556,1081.7
509732,2.2540,2.2540,1080.3
510733,2.2540,2.2540,1080.3
511734,2.2572,2.2572,1083.1
512735,2.2532,2.2532,1079.6
513736,2.2540,2.2540,1080.3
514737,2.2556,2.2556,1081.7
515738,2.2564,2.2564,1082.4
516739,2.2564,2.2564,1082.4
517740,2.2556,2.2556,1081.7
518741,2.2532,2.2532,1079.6
519742,2.2556,2.2556,1081.7
520743,2.2540,2.2540,1080.3
521744,2.2516,2.2516,1078.2
522745,2.2516,2.2516,1078.2
523746,2.2556,2.2556,1081.7
524747,2.2564,2.2564,1082.4
525748,2.2556,2.2556,1081.7
526749,2.2548,2.2548,1081.0
527750,2.2556,2.2556,1081.7
528751,2.2564,2.2564,1082.4
529752,2.2564,2.2564,1082.4
530753,2.2556,2.2556,1081.7
531754,2.2556,2.2556,1081.7
532755,2.2556,2.2556,1081.7
533756,2.2564,2.2564,1082.4
534757,2.2548,2.2548,1081.0
535758,2.2467,2.2467,1074.0
536759,1.1532,1.1532,426.5
537760,0.0951,0.0951,39.7
538761,0.2901,0.2901,115.2
539762,2.2451,2.2451,1072.6
540763,2.2451,2.2451,1072.6
541764,2.2451,2.2451,1072.6
542765,2.2443,2.2443,1071.9
543766,2.2443,2.2443,1071.9
544767,2.2492,2.2492,1076.1
545768,2.2475,2.2475,1074.7
546769,2.2500,2.2500,1076.8
547770,2.2411,2.2411,1069.1
548771,1.9695,1.9695,857.7
549772,1.7302,1.7302,704.3
550773,1.4586,1.4586,560.1
551774,1.5134,1.5134,587.0
552775,1.6859,1.6859,678.8
553776,0.0943,0.0943,39.3
554777,0.0645,0.0645,27.1
555778,0.0677,0.0677,28.5
556779,0.0645,0.0645,27.1
557780,0.0661,0.0661,27.8
558781,0.0645,0.0645,27.1
559782,0.0677,0.0677,28.5
560783,0.0653,0.0653,27.5
561784,0.0661,0.0661,27.8
562785,0.0661,0.0661,27.8
563786,0.0661,0.0661,27.8
564787,0.0661,0.0661,27.8
565788,0.0669,0.0669,28.1
566789,0.0677,0.0677,28.5
567790,0.0669,0.0669,28.1
568791,0.0669,0.0669,28.1
569792,2.2467,2.2467,1074.0
570793,2.2564,2.2564,1082.4
571794,2.2556,2.2556,1081.7
572795,2.2548,2.2548,1081.0
573796,2.2564,2.2564,1082.4
574797,2.2564,2.2564,1082.4
575798,2.2564,2.2564,1082.4
576799,2.2564,2.2564,1082.4
577800,2.2564,2.2564,1082.4
578801,2.2564,2.2564,1082.4
579802,2.2564,2.2564,1082.4
580803,2.2564,2.2564,1082.4
581804,2.2564,2.2564,1082.4
582805,2.2572,2.2572,1083.1
583806,2.2588,2.2588,1084.5
584807,2.2564,2.2564,1082.4
585808,2.2564,2.2564,1082.4
586809,2.2564,2.2564,1082.4
587810,2.2564,2.2564,1082.4
588811,2.2556,2.2556,1081.7
589812,2.2564,2.2564,1082.4
590813,2.2564,2.2564,1082.4
591814,2.2564,2.2564,1082.4
592815,2.2564,2.2564,1082.4
593816,2.2556,2.2556,1081.7
594817,2.2564,2.2564,1082.4
595818,2.2556,2.2556,1081.7
596819,2.2588,2.2588,1084.5
597820,2.2629,2.2629,1088.0
598821,2.2556,2.2556,1081.7
599822,2.2387,2.2387,1067.0
600823,2.2419,2.2419,1069.8
601824,2.2403,2.2403,1068.4
602825,2.2411,2.2411,1069.1
603826,2.2411,2.2411,1069.1
604827,2.2411,2.2411,1069.1
605828,2.2427,2.2427,1070.5
606829,2.2435,2.2435,1071.2
607830,2.2411,2.2411,1069.1
608831,2.2387,2.2387,1067.0
609832,2.2411,2.2411,1069.1
610833,2.2395,2.2395,1067.7
611834,2.2403,2.2403,1068.4
612835,2.2395,2.2395,1067.7
613836,2.2411,2.2411,1069.1
614837,2.2403,2.2403,1068.4
615838,2.2395,2.2395,1067.7
616839,2.2387,2.2387,1067.0
617840,2.2411,2.2411,1069.1
618841,2.2411,2.2411,1069.1
619842,2.2411,2.2411,1069.1
620843,2.2524,2.2524,1078.9
621844,2.2564,2.2564,1082.4
622845,2.2564,2.2564,1082.4
623846,2.2556,2.2556,1081.7
624847,2.2564,2.2564,1082.4
625848,2.2572,2.2572,1083.1
626849,2.2564,2.2564,1082.4
627850,2.2725,2.2725,1096.5
628851,2.2709,2.2709,1095.0
629852,2.2701,2.2701,1094.3
630853,2.2709,2.2709,1095.0
631854,2.2701,2.2701,1094.3
632855,2.2693,2.2693,1093.6
633856,2.2685,2.2685,1092.9
634857,2.2693,2.2693,1093.6
635858,2.2701,2.2701,1094.3
636859,2.2709,2.2709,1095.0
637860,2.2749,2.2749,1098.6
638861,2.2717,2.2717,1095.8
639862,2.2725,2.2725,1096.5
640863,2.2709,2.2709,1095.0
641864,2.2709,2.2709,1095.0
642865,2.2717,2.2717,1095.8
643866,2.2709,2.2709,1095.0
644867,2.2693,2.2693,1093.6
645868,2.2717,2.2717,1095.8
646869,2.2709,2.2709,1095.0
647870,2.2709,2.2709,1095.0
648871,2.2717,2.2717,1095.8
649872,2.2701,2.2701,1094.3
650873,0.6149,0.6149,230.7
651874,0.0000,0.0000,0.0
652875,0.0000,0.0000,0.0
653876,0.0000,0.0000,0.0
654877,0.0000,0.0000,0.0
655878,0.0000,0.0000,0.0
656879,0.0000,0.0000,0.0
657880,0.0000,0.0000,0.0
658881,0.0000,0.0000,0.0
659882,0.0000,0.0000,0.0
660883,0.0000,0.0000,0.0
661884,0.0000,0.0000,0.0
662885,0.0000,0.0000,0.0
663886,0.0000,0.0000,0.0
664887,0.0000,0.0000,0.0
665888,0.0000,0.0000,0.0
666889,0.0000,0.0000,0.0
667890,0.0000,0.0000,0.0
668891,0.0000,0.0000,0.0
669892,0.0000,0.0000,0.0
670893,0.0000,0.0000,0.0
671894,0.0000,0.0000,0.0
672895,0.0000,0.0000,0.0
673896,0.0000,0.0000,0.0
674897,0.0000,0.0000,0.0
675898,0.0000,0.0000,0.0
676899,0.0000,0.0000,0.0
677900,0.0000,0.0000,0.0
678901,0.0000,0.0000,0.0
679902,0.0000,0.0000,0.0
680903,0.0000,0.0000,0.0
681904,0.0000,0.0000,0.0
682905,0.0000,0.0000,0.0
683906,0.0000,0.0000,0.0
684907,0.0000,0.0000,0.0
685908,0.0000,0.0000,0.0
686909,2.2637,2.2637,1088.7
687910,2.2790,2.2790,1102.2
688911,2.2612,2.2612,1086.6
689912,2.2661,2.2661,1090.8
690913,2.2629,2.2629,1088.0
691914,2.2693,2.2693,1093.6
692915,2.2709,2.2709,1095.0
693916,2.2758,2.2758,1099.3
694917,2.2741,2.2741,1097.9
695918,2.2733,2.2733,1097.2
696919,2.2717,2.2717,1095.8
697920,2.2701,2.2701,1094.3
698921,2.2749,2.2749,1098.6
699922,2.2725,2.2725,1096.5
700923,2.2741,2.2741,1097.9
701924,2.2693,2.2693,1093.6
702925,2.2741,2.2741,1097.9
703926,2.2766,2.2766,1100.0
704927,2.2725,2.2725,1096.5
705928,2.2701,2.2701,1094.3
706929,2.2709,2.2709,1095.0
707930,2.2717,2.2717,1095.8
708931,2.2717,2.2717,1095.8
709932,2.2717,2.2717,1095.8
710933,2.2693,2.2693,1093.6
711934,2.2701,2.2701,1094.3
712935,2.2709,2.2709,1095.0
713936,2.2701,2.2701,1094.3
714937,2.2701,2.2701,1094.3
715938,2.2701,2.2701,1094.3
716939,2.2701,2.2701,1094.3
717940,2.2709,2.2709,1095.0
718941,2.2701,2.2701,1094.3
719942,2.2701,2.2701,1094.3
720943,2.2685,2.2685,1092.9
721944,2.2685,2.2685,1092.9
722945,2.2693,2.2693,1093.6
723946,2.2701,2.2701,1094.3
724947,2.2733,2.2733,1097.2
725948,2.2693,2.2693,1093.6
726949,2.2749,2.2749,1098.6
727950,2.2725,2.2725,1096.5
728951,2.2717,2.2717,1095.8
729952,2.2709,2.2709,1095.0
730953,2.2709,2.2709,1095.0
731954,2.2717,2.2717,1095.8
732955,2.2701,2.2701,1094.3
733956,2.2725,2.2725,1096.5
734957,2.2693,2.2693,1093.6
735958,2.2717,2.2717,1095.8
736959,2.2758,2.2758,1099.3
737960,2.2741,2.2741,1097.9
738961,2.2717,2.2717,1095.8
739962,2.2669,2.2669,1091.5
740963,2.2701,2.2701,1094.3
741964,2.2725,2.2725,1096.5
742965,2.2717,2.2717,1095.8
743966,2.2709,2.2709,1095.0
744967,2.2741,2.2741,1097.9
745968,2.2693,2.2693,1093.6
746969,1.7987,1.7987,745.4
747970,1.5352,1.5352,598.0
748971,0.0000,0.0000,0.0
749972,0.0000,0.0000,0.0
750973,0.0000,0.0000,0.0
751974,0.0000,0.0000,0.0
752975,0.0000,0.0000,0.0
753976,0.0000,0.0000,0.0
754977,0.0000,0.0000,0.0
755978,0.0000,0.0000,0.0
756979,0.0000,0.0000,0.0
757980,0.0000,0.0000,0.0
758981,0.0000,0.0000,0.0
759982,0.0000,0.0000,0.0
760983,0.0000,0.0000,0.0
761984,0.0000,0.0000,0.0
762985,0.0000,0.0000,0.0
763986,0.0000,0.0000,0.0
764987,0.0000,0.0000,0.0
765988,0.0000,0.0000,0.0
766989,0.0000,0.0000,0.0
767990,0.0000,0.0000,0.0
768991,0.0000,0.0000,0.0
769992,0.0000,0.0000,0.0
770993,2.2782,2.2782,1101.4
771994,2.2782,2.2782,1101.4
772995,2.2758,2.2758,1099.3
773996,2.2766,2.2766,1100.0
774997,2.2749,2.2749,1098.6
775998,2.2774,2.2774,1100.7
776999,2.2766,2.2766,1100.0
778000,2.2790,2.2790,1102.2
779001,2.2766,2.2766,1100.0
780002,2.2749,2.2749,1098.6
781003,2.2774,2.2774,1100.7
782004,2.2806,2.2806,1103.6
783005,2.2766,2.2766,1100.0
784006,2.2790,2.2790,1102.2
785007,2.2774,2.2774,1100.7
786008,2.2758,2.2758,1099.3
787009,2.2790,2.2790,1102.2
788010,2.2774,2.2774,1100.7
789011,2.2766,2.2766,1100.0
790012,2.2782,2.2782,1101.4
791013,2.2774,2.2774,1100.7
792014,2.2766,2.2766,1100.0
793015,2.2741,2.2741,1097.9
794016,2.2774,2.2774,1100.7
795017,2.2766,2.2766,1100.0
796018,2.2782,2.2782,1101.4
797019,2.2749,2.2749,1098.6
798020,2.2733,2.2733,1097.2
799021,2.2766,2.2766,1100.0
800022,2.2758,2.2758,1099.3
801023,2.2774,2.2774,1100.7
802024,2.2774,2.2774,1100.7
803025,2.2741,2.2741,1097.9
804026,2.2749,2.2749,1098.6
805027,2.2782,2.2782,1101.4
806028,2.2758,2.2758,1099.3
807029,2.2741,2.2741,1097.9
808030,2.2741,2.2741,1097.9
809031,2.2774,2.2774,1100.7
810032,2.2758,2.2758,1099.3
811033,2.2774,2.2774,1100.7
812034,2.2774,2.2774,1100.7
813035,2.2774,2.2774,1100.7
814036,2.2766,2.2766,1100.0
815037,2.2758,2.2758,1099.3
816038,2.2733,2.2733,1097.2
817039,2.2733,2.2733,1097.2
818040,2.2758,2.2758,1099.3
819041,2.2749,2.2749,1098.6
820042,1.5892,1.5892,625.9
821043,0.0000,0.0000,0.0
822044,0.0000,0.0000,0.0
823045,0.0000,0.0000,0.0
824046,0.0000,0.0000,0.0
825047,0.0000,0.0000,0.0
826048,0.0000,0.0000,0.0
827049,0.0000,0.0000,0.0
828050,0.0000,0.0000,0.0
829051,0.0000,0.0000,0.0
830052,0.0000,0.0000,0.0
831053,0.0000,0.0000,0.0
832054,0.0000,0.0000,0.0
833055,0.0000,0.0000,0.0
834056,0.0000,0.0000,0.0
835057,0.0000,0.0000,0.0
836058,0.0000,0.0000,0.0
837059,0.0000,0.0000,0.0
838060,0.0000,0.0000,0.0
839061,0.0000,0.0000,0.0
840062,0.0000,0.0000,0.0
841063,0.0000,0.0000,0.0
842064,0.0000,0.0000,0.0
843065,2.1919,2.1919,1027.6
844066,2.2419,2.2419,1069.8
845067,2.2459,2.2459,1073.3
846068,2.2459,2.2459,1073.3
847069,2.2532,2.2532,1079.6
848070,2.2524,2.2524,1078.9
849071,2.2532,2.2532,1079.6
850072,2.2564,2.2564,1082.4
851073,2.2564,2.2564,1082.4
852074,2.2564,2.2564,1082.4
853075,2.2556,2.2556,1081.7
854076,2.2556,2.2556,1081.7
855077,2.2564,2.2564,1082.4
856078,2.2556,2.2556,1081.7
857079,2.2540,2.2540,1080.3
858080,2.2572,2.2572,1083.1
859081,2.2564,2.2564,1082.4
860082,2.2548,2.2548,1081.0
861083,2.2548,2.2548,1081.0
862084,2.2564,2.2564,1082.4
863085,2.2548,2.2548,1081.0
864086,2.2580,2.2580,1083.8
865087,2.2572,2.2572,1083.1
866088,2.2564,2.2564,1082.4
867089,2.2564,2.2564,1082.4
868090,2.2580,2.2580,1083.8
869091,2.2572,2.2572,1083.1
870092,2.2564,2.2564,1082.4
871093,0.5230,0.5230,198.8
872094,0.0000,0.0000,0.0
873095,0.0000,0.0000,0.0
874096,0.0000,0.0000,0.0
875097,0.0000,0.0000,0.0
876098,0.0000,0.0000,0.0
877099,0.0000,0.0000,0.0
878100,0.0000,0.0000,0.0
879101,0.0000,0.0000,0.0
880102,0.0000,0.0000,0.0
881103,0.0000,0.0000,0.0
882104,0.0000,0.0000,0.0
883105,0.0000,0.0000,0.0
884106,0.0000,0.0000,0.0
885107,0.0000,0.0000,0.0
886108,0.0000,0.0000,0.0
887109,0.0000,0.0000,0.0
888110,0.0000,0.0000,0.0
889111,0.0000,0.0000,0.0
890112,0.0000,0.0000,0.0
891113,0.0000,0.0000,0.0
892114,0.0000,0.0000,0.0
893115,1.4046,1.4046,534.6
894116,1.5618,1.5618,611.6
895117,1.5658,1.5658,613.7
896118,1.5658,1.5658,613.7
897119,1.5642,1.5642,612.9
898120,1.5674,1.5674,614.5
899121,1.5682,1.5682,614.9
900122,1.5666,1.5666,614.1
901123,1.5626,1.5626,612.0
902124,1.5618,1.5618,611.6
903125,1.5497,1.5497,605.4
904126,1.5408,1.5408,600.8
905127,1.5464,1.5464,603.7
906128,1.5481,1.5481,604.5
907129,1.5497,1.5497,605.4
908130,1.5537,1.5537,607.4
909131,1.5650,1.5650,613.3
910132,1.5650,1.5650,613.3
911133,1.5650,1.5650,613.3
912134,1.5666,1.5666,614.1
913135,1.5642,1.5642,612.9
914136,1.5626,1.5626,612.0
915137,1.5658,1.5658,613.7
916138,1.5585,1.5585,609.9
917139,1.5352,1.5352,598.0
918140,1.5650,1.5650,613.3
919141,1.5618,1.5618,611.6
920142,1.5618,1.5618,611.6
921143,1.5593,1.5593,610.4
922144,1.5593,1.5593,610.4
923145,1.5585,1.5585,609.9
924146,1.5642,1.5642,612.9
925147,1.5618,1.5618,611.6
926148,1.5618,1.5618,611.6
927149,1.5577,1.5577,609.5
928150,1.5553,1.5553,608.3
929151,1.5618,1.5618,611.6
930152,1.5642,1.5642,612.9
931153,1.5690,1.5690,615.4
932154,1.5682,1.5682,614.9
933155,1.5658,1.5658,613.7
934156,1.5658,1.5658,613.7
935157,1.5682,1.5682,614.9
936158,1.5658,1.5658,613.7
937159,1.5569,1.5569,609.1
938160,1.5400,1.5400,600.4
939161,1.5400,1.5400,600.4
940162,1.5376,1.5376,599.2
941163,1.5392,1.5392,600.0
942164,1.5408,1.5408,600.8
943165,1.5392,1.5392,600.0
944166,1.5376,1.5376,599.2
945167,1.5392,1.5392,600.0
946168,1.5416,1.5416,601.3
947169,1.5384,1.5384,599.6
948170,1.5416,1.5416,601.3
949171,1.5448,1.5448,602.9
950172,1.5456,1.5456,603.3
951173,1.5448,1.5448,602.9
952174,1.5440,1.5440,602.5
953175,1.5464,1.5464,603.7
954176,1.5456,1.5456,603.3
955177,1.5432,1.5432,602.1
956178,1.5392,1.5392,600.0
957179,1.5448,1.5448,602.9
958180,1.5448,1.5448,602.9
959181,1.5424,1.5424,601.7
960182,1.5456,1.5456,603.3
961183,1.5448,1.5448,602.9
962184,1.5352,1.5352,598.0
963185,0.1958,0.1958,79.5
964186,1.5368,1.5368,598.8
965187,1.5344,1.5344,597.6
966188,1.5279,1.5279,594.3
967189,1.5190,1.5190,589.8
968190,1.5182,1.5182,589.4
969191,1.5279,1.5279,594.3
970192,1.5207,1.5207,590.7
971193,1.5045,1.5045,582.6
972194,1.5344,1.5344,597.6
973195,1.5384,1.5384,599.6
974196,1.5352,1.5352,598.0
975197,1.5344,1.5344,597.6
976198,1.5344,1.5344,597.6
977199,1.5368,1.5368,598.8
978200,1.5384,1.5384,599.6
979201,1.5368,1.5368,598.8
980202,1.5231,1.5231,591.9
981203,1.5327,1.5327,596.7
982204,0.6898,0.6898,256.7
983205,0.0000,0.0000,0.0
984206,0.0000,0.0000,0.0
985207,0.0000,0.0000,0.0
986208,0.0000,0.0000,0.0
987209,0.0000,0.0000,0.0
988210,0.0000,0.0000,0.0
989211,0.0000,0.0000,0.0
990212,0.0000,0.0000,0.0
991213,0.0000,0.0000,0.0
992214,0.0000,0.0000,0.0
993215,0.0000,0.0000,0.0
994216,0.0000,0.0000,0.0
995217,0.0000,0.0000,0.0
996218,0.0000,0.0000,0.0
997219,0.0000,0.0000,0.0
998220,0.8647,0.8647,318.2
999221,0.8671,0.8671,319.0
1000222,0.8695,0.8695,319.9
1001223,0.8695,0.8695,319.9
1002224,0.8679,0.8679,319.3
1003225,0.8655,0.8655,318.5
1004226,0.8671,0.8671,319.0
1005227,0.8679,0.8679,319.3
1006228,0.8687,0.8687,319.6
1007229,0.8687,0.8687,319.6
1008230,0.8671,0.8671,319.0
1009231,0.8687,0.8687,319.6
1010232,0.8711,0.8711,320.5
1011233,0.8727,0.8727,321.0
1012234,0.8687,0.8687,319.6
1013235,0.8687,0.8687,319.6
1014236,0.8719,0.8719,320.8
1015237,0.8719,0.8719,320.8
1016238,0.8719,0.8719,320.8
1017239,0.8703,0.8703,320.2
1018240,0.8679,0.8679,319.3
1019241,0.8663,0.8663,318.7
1020242,0.8655,0.8655,318.5
1021243,0.8647,0.8647,318.2
1022244,0.8695,0.8695,319.9
1023245,0.8752,0.8752,321.9
1024246,0.8679,0.8679,319.3
1025247,0.8679,0.8679,319.3
1026248,0.8727,0.8727,321.0
1027249,0.8719,0.8719,320.8
1028250,0.8695,0.8695,319.9
1029251,0.8711,0.8711,320.5
1030252,0.8736,0.8736,321.3
1031253,0.8711,0.8711,320.5
1032254,0.8679,0.8679,319.3
1033255,0.8736,0.8736,321.3
1034256,0.8679,0.8679,319.3
1035257,0.8695,0.8695,319.9
1036258,0.8719,0.8719,320.8
1037259,0.8703,0.8703,320.2
1038260,0.8719,0.8719,320.8
1039261,0.8719,0.8719,320.8
1040262,0.8655,0.8655,318.5
1041263,0.8639,0.8639,317.9
1042264,0.8671,0.8671,319.0
1043265,0.8671,0.8671,319.0
1044266,0.8736,0.8736,321.3
1045267,0.8719,0.8719,320.8
1046268,0.8639,0.8639,317.9
1047269,0.8663,0.8663,318.7
1048270,0.8679,0.8679,319.3
1049271,0.8711,0.8711,320.5
1050272,0.8695,0.8695,319.9
1051273,0.8671,0.8671,319.0
1052274,0.8719,0.8719,320.8
1053275,0.8655,0.8655,318.5
1054276,0.8566,0.8566,315.3
1055277,0.8655,0.8655,318.5
1056278,0.8679,0.8679,319.3
1057279,0.8647,0.8647,318.2
1058280,0.8607,0.8607,316.7
1059281,0.8663,0.8663,318.7
1060282,0.8671,0.8671,319.0
1061283,0.8687,0.8687,319.6
1062284,0.8687,0.8687,319.6
1063285,0.8663,0.8663,318.7
1064286,0.8695,0.8695,319.9
1065287,0.8663,0.8663,318.7
1066288,0.8687,0.8687,319.6
1067289,0.8429,0.8429,310.4
1068290,0.8204,0.8204,302.4
1069291,0.8719,0.8719,320.8
1070292,0.8695,0.8695,319.9
1071293,0.8695,0.8695,319.9
1072294,0.8719,0.8719,320.8
1073295,0.8711,0.8711,320.5
1074296,0.8663,0.8663,318.7
1075297,0.8655,0.8655,318.5
1076298,0.8655,0.8655,318.5
1077299,0.8647,0.8647,318.2
1078300,0.8663,0.8663,318.7
1079301,0.8687,0.8687,319.6
1080302,0.8695,0.8695,319.9
1081303,0.8647,0.8647,318.2
1082304,0.8607,0.8607,316.7
1083305,0.8381,0.8381,308.7
1084306,0.8574,0.8574,315.6
1085307,0.8639,0.8639,317.9
1086308,0.8639,0.8639,317.9
1087309,0.8687,0.8687,319.6
1088310,0.8655,0.8655,318.5
1089311,0.8687,0.8687,319.6
1090312,0.8607,0.8607,316.7
1091313,0.3755,0.3755,146.5
1092314,0.0000,0.0000,0.0
1093315,0.0000,0.0000,0.0
1094316,0.0000,0.0000,0.0
1095317,0.0000,0.0000,0.0
1096318,0.0000,0.0000,0.0
1097319,0.0000,0.0000,0.0
1098320,0.0000,0.0000,0.0
1099321,0.0000,0.0000,0.0
1100322,0.0000,0.0000,0.0
1101323,0.0000,0.0000,0.0
1102324,0.0000,0.0000,0.0
1103325,0.0000,0.0000,0.0
1104326,0.0000,0.0000,0.0
1105327,0.0000,0.0000,0.0
1106328,0.0000,0.0000,0.0
1107329,0.0000,0.0000,0.0
1108330,0.0000,0.0000,0.0
1109331,0.0000,0.0000,0.0
1110332,0.0000,0.0000,0.0
1111333,0.0000,0.0000,0.0
1112334,0.0000,0.0000,0.0
1113335,2.0396,2.0396,908.2
1114336,2.0880,2.0880,944.6
1115337,2.0977,2.0977,952.1
1116338,2.1049,2.1049,957.7
1117339,2.1105,2.1105,962.1
1118340,2.1097,2.1097,961.5
1119341,2.1130,2.1130,964.0
1120342,2.1146,2.1146,965.2
1121343,2.1154,2.1154,965.9
1122344,2.1162,2.1162,966.5
1123345,2.1186,2.1186,968.4
1124346,2.1226,2.1226,971.6
1125347,2.1186,2.1186,968.4
1126348,2.1210,2.1210,970.3
1127349,2.1218,2.1218,970.9
1128350,2.1226,2.1226,971.6
1129351,2.1210,2.1210,970.3
1130352,2.1226,2.1226,971.6
1131353,2.1234,2.1234,972.2
1132354,2.1259,2.1259,974.1
1133355,2.1275,2.1275,975.4
1134356,2.1267,2.1267,974.7
1135357,2.1275,2.1275,975.4
1136358,2.1275,2.1275,975.4
1137359,2.1275,2.1275,975.4
1138360,2.1275,2.1275,975.4
1139361,2.1283,2.1283,976.0
1140362,2.1299,2.1299,977.3
1141363,2.1291,2.1291,976.6
1142364,2.1331,2.1331,979.8
1143365,2.1275,2.1275,975.4
1144366,2.1291,2.1291,976.6
1145367,2.1291,2.1291,976.6
1146368,2.1275,2.1275,975.4
1147369,2.1323,2.1323,979.2
1148370,2.1315,2.1315,978.6
1149371,2.1275,2.1275,975.4
1150372,2.1275,2.1275,975.4
1151373,2.1275,2.1275,975.4
1152374,2.1355,2.1355,981.8
1153375,2.1388,2.1388,984.3
1154376,2.1404,2.1404,985.6
1155377,2.1412,2.1412,986.3
1156378,2.1396,2.1396,985.0
1157379,2.1420,2.1420,986.9
1158380,2.1468,2.1468,990.8
1159381,2.1492,2.1492,992.7
1160382,2.1460,2.1460,990.1
1161383,2.1436,2.1436,988.2
1162384,2.1476,2.1476,991.4
1163385,2.1420,2.1420,986.9
1164386,2.1396,2.1396,985.0
1165387,2.1363,2.1363,982.4
1166388,2.1347,2.1347,981.1
1167389,2.1371,2.1371,983.0
1168390,2.1363,2.1363,982.4
1169391,2.1363,2.1363,982.4
1170392,2.1355,2.1355,981.8
1171393,2.1315,2.1315,978.6
1172394,2.1396,2.1396,985.0
1173395,2.1355,2.1355,981.8
1174396,2.1396,2.1396,985.0
1175397,2.1396,2.1396,985.0
1176398,2.1436,2.1436,988.2
1177399,2.1396,2.1396,985.0
1178400,2.1363,2.1363,982.4
1179401,2.1371,2.1371,983.0
1180402,2.1379,2.1379,983.7
1181403,2.1379,2.1379,983.7
1182404,2.1267,2.1267,974.7
1183405,2.1299,2.1299,977.3
1184406,2.1331,2.1331,979.8
1185407,2.1388,2.1388,984.3
1186408,2.1267,2.1267,974.7
1187409,0.2530,0.2530,101.4
1188410,0.0000,0.0000,0.0
1189411,0.0000,0.0000,0.0
1190412,0.0000,0.0000,0.0
1191413,0.0000,0.0000,0.0
1192414,0.0000,0.0000,0.0
1193415,0.0000,0.0000,0.0
1194416,0.0000,0.0000,0.0
1195417,0.0000,0.0000,0.0
1196418,0.0000,0.0000,0.0
1197419,0.0000,0.0000,0.0
1198420,0.0000,0.0000,0.0
1199421,0.0000,0.0000,0.0
1200422,0.0000,0.0000,0.0
1201423,0.0000,0.0000,0.0
1202424,0.0000,0.0000,0.0
1203425,0.0000,0.0000,0.0
1204426,0.0000,0.0000,0.0
1205427,0.0000,0.0000,0.0
1206428,0.0000,0.0000,0.0
1207429,0.0000,0.0000,0.0
1208430,0.0000,0.0000,0.0
1209431,0.0000,0.0000,0.0
1210432,0.0000,0.0000,0.0
1211433,0.0000,0.0000,0.0
1212434,0.0000,0.0000,0.0
1213435,0.0000,0.0000,0.0
1214436,0.0000,0.0000,0.0
1215437,0.0000,0.0000,0.0
1216438,0.0000,0.0000,0.0
1217439,0.0000,0.0000,0.0
1218440,0.0000,0.0000,0.0
1219441,0.0000,0.0000,0.0
1220442,0.0000,0.0000,0.0
1221443,1.8793,1.8793,796.6
1222444,1.9268,1.9268,828.3
1223445,1.9397,1.9397,837.1
1224446,1.9445,1.9445,840.4
1225447,1.9470,1.9470,842.0
1226448,1.9494,1.9494,843.7
1227449,1.9526,1.9526,845.9
1228450,1.9574,1.9574,849.3
1229451,1.9558,1.9558,848.2
1230452,1.9590,1.9590,850.4
1231453,1.9558,1.9558,848.2
1232454,1.9502,1.9502,844.3
1233455,1.9744,1.9744,861.1
1234456,1.9768,1.9768,862.8
1235457,2.0001,2.0001,879.5
1236458,1.9985,1.9985,878.3
1237459,1.9961,1.9961,876.6
1238460,1.9985,1.9985,878.3
1239461,2.0010,2.0010,880.0
1240462,1.9961,1.9961,876.6
1241463,1.9985,1.9985,878.3
1242464,1.9945,1.9945,875.4
1243465,1.9977,1.9977,877.7
1244466,1.9953,1.9953,876.0
1245467,1.9985,1.9985,878.3
1246468,1.9985,1.9985,878.3
1247469,1.9985,1.9985,878.3
1248470,1.9977,1.9977,877.7
1249471,1.9977,1.9977,877.7
1250472,1.9985,1.9985,878.3
1251473,2.0026,2.0026,881.2
1252474,2.0034,2.0034,881.8
1253475,2.0058,2.0058,883.5
1254476,1.9993,1.9993,878.9
1255477,2.0026,2.0026,881.2
1256478,2.0034,2.0034,881.8
1257479,2.0042,2.0042,882.4
1258480,2.0010,2.0010,880.0
1259481,1.9993,1.9993,878.9
1260482,1.9977,1.9977,877.7
1261483,1.9985,1.9985,878.3
1262484,1.9985,1.9985,878.3
1263485,2.0010,2.0010,880.0
1264486,1.9985,1.9985,878.3
1265487,1.9816,1.9816,866.2
1266488,1.9945,1.9945,875.4
1267489,1.9977,1.9977,877.7
1268490,1.9905,1.9905,872.5
1269491,1.9921,1.9921,873.7
1270492,2.0001,2.0001,879.5
1271493,2.0034,2.0034,881.8
1272494,1.9929,1.9929,874.3
1273495,2.0042,2.0042,882.4
1274496,2.0163,2.0163,891.1
1275497,2.0114,2.0114,887.6
1276498,2.0106,2.0106,887.0
1277499,2.0114,2.0114,887.6
1278500,2.0130,2.0130,888.8
1279501,2.0130,2.0130,888.8
1280502,2.0147,2.0147,889.9
1281503,2.0122,2.0122,888.2
1282504,2.0138,2.0138,889.3
1283505,2.0130,2.0130,888.8
1284506,2.0106,2.0106,887.0
1285507,2.0106,2.0106,887.0
1286508,2.0122,2.0122,888.2
1287509,2.0122,2.0122,888.2
1288510,2.0122,2.0122,888.2
1289511,2.0130,2.0130,888.8
1290512,2.0155,2.0155,890.5
1291513,2.0114,2.0114,887.6
1292514,2.0155,2.0155,890.5
1293515,2.0122,2.0122,888.2
1294516,2.0098,2.0098,886.4
1295517,2.0058,2.0058,883.5
1296518,2.0138,2.0138,889.3
1297519,2.0058,2.0058,883.5
1298520,1.9985,1.9985,878.3
1299521,1.9953,1.9953,876.0
1300522,2.0050,2.0050,882.9
1301523,2.0066,2.0066,884.1
1302524,2.0058,2.0058,883.5
1303525,2.0026,2.0026,881.2
1304526,2.0042,2.0042,882.4
1305527,2.0114,2.0114,887.6
1306528,2.0114,2.0114,887.6
1307529,2.0122,2.0122,888.2
1308530,2.0106,2.0106,887.0
1309531,2.0090,2.0090,885.8
1310532,2.0098,2.0098,886.4
1311533,2.0114,2.0114,887.6
1312534,2.0130,2.0130,888.8
1313535,2.0122,2.0122,888.2
1314536,2.0155,2.0155,890.5
1315537,2.0203,2.0203,894.0
1316538,2.0171,2.0171,891.7
1317539,2.0187,2.0187,892.8
1318540,2.0138,2.0138,889.3
1319541,2.0195,2.0195,893.4
1320542,2.0163,2.0163,891.1
1321543,2.0090,2.0090,885.8
1322544,0.0540,0.0540,22.8
1323545,0.0000,0.0000,0.0
1324546,0.0000,0.0000,0.0
1325547,0.0000,0.0000,0.0
1326548,0.0000,0.0000,0.0
1327549,0.0000,0.0000,0.0
1328550,0.0000,0.0000,0.0
1329551,0.0000,0.0000,0.0
1330552,0.0000,0.0000,0.0
1331553,0.0000,0.0000,0.0
1332554,0.0000,0.0000,0.0
1333555,0.0000,0.0000,0.0
1334556,0.0000,0.0000,0.0
1335557,0.0000,0.0000,0.0
1336558,0.0000,0.0000,0.0
1337559,0.0000,0.0000,0.0
1338560,0.0000,0.0000,0.0
1339561,0.0000,0.0000,0.0
1340562,0.0000,0.0000,0.0
1341563,0.0000,0.0000,0.0
1342564,0.0000,0.0000,0.0
1343565,0.0000,0.0000,0.0
1344566,0.0000,0.0000,0.0
1345567,0.0000,0.0000,0.0
1346568,0.0000,0.0000,0.0
1347569,0.0000,0.0000,0.0
1348570,0.0000,0.0000,0.0
1349571,0.0000,0.0000,0.0
1350572,0.0000,0.0000,0.0
1351573,0.0862,0.0862,36.1
1352574,1.3522,1.3522,510.7
1353575,1.3547,1.3547,511.8
1354576,1.3579,1.3579,513.3
1355577,1.3627,1.3627,515.4
1356578,1.3627,1.3627,515.4
1357579,1.3684,1.3684,518.0
1358580,1.3603,1.3603,514.3
1359581,1.3651,1.3651,516.5
1360582,1.3675,1.3675,517.6
1361583,1.3700,1.3700,518.7
1362584,1.3684,1.3684,518.0
1363585,1.3724,1.3724,519.8
1364586,1.3716,1.3716,519.5
1365587,1.3692,1.3692,518.4
1366588,1.3716,1.3716,519.5
1367589,1.3708,1.3708,519.1
1368590,1.3684,1.3684,518.0
1369591,1.3716,1.3716,519.5
1370592,1.3732,1.3732,520.2
1371593,1.3724,1.3724,519.8
1372594,1.3732,1.3732,520.2
1373595,1.3788,1.3788,522.8
1374596,1.3708,1.3708,519.1
1375597,1.3756,1.3756,521.3
1376598,1.3692,1.3692,518.4
1377599,1.3563,1.3563,512.5
1378600,1.3740,1.3740,520.5
1379601,1.3619,1.3619,515.1
1380602,1.3547,1.3547,511.8
1381603,1.3514,1.3514,510.4
1382604,1.3442,1.3442,507.1
1383605,1.3538,1.3538,511.4
1384606,1.3611,1.3611,514.7
1385607,1.3756,1.3756,521.3
1386608,1.3788,1.3788,522.8
1387609,1.3708,1.3708,519.1
1388610,1.3659,1.3659,516.9
1389611,1.3659,1.3659,516.9
1390612,1.3675,1.3675,517.6
1391613,1.3659,1.3659,516.9
1392614,1.3643,1.3643,516.2
1393615,1.3651,1.3651,516.5
1394616,1.3684,1.3684,518.0
1395617,1.3700,1.3700,518.7
1396618,1.3708,1.3708,519.1
1397619,1.3708,1.3708,519.1
1398620,1.3692,1.3692,518.4
1399621,1.3732,1.3732,520.2
1400622,1.3748,1.3748,520.9
1401623,0.3884,0.3884,151.1
1402624,0.1990,0.1990,80.8
1403625,0.0000,0.0000,0.0
1404626,0.0000,0.0000,0.0
1405627,0.0000,0.0000,0.0
1406628,0.0000,0.0000,0.0
1407629,0.0000,0.0000,0.0
1408630,0.0000,0.0000,0.0
1409631,0.0000,0.0000,0.0
1410632,0.0000,0.0000,0.0
1411633,0.0000,0.0000,0.0
1412634,0.0000,0.0000,0.0
1413635,0.0000,0.0000,0.0
1414636,0.0000,0.0000,0.0
1415637,0.0000,0.0000,0.0
1416638,0.0000,0.0000,0.0
1417639,0.0000,0.0000,0.0
1418640,0.0000,0.0000,0.0
1419641,0.0000,0.0000,0.0
1420642,1.0597,1.0597,390.0
1421643,1.0702,1.0702,394.0
1422644,1.0710,1.0710,394.3
1423645,1.0726,1.0726,395.0
1424646,1.0710,1.0710,394.3
1425647,1.0678,1.0678,393.1
1426648,1.0678,1.0678,393.1
1427649,1.0645,1.0645,391.9
1428650,1.0662,1.0662,392.5
1429651,1.0621,1.0621,390.9
1430652,1.0581,1.0581,389.4
1431653,1.0597,1.0597,390.0
1432654,1.0597,1.0597,390.0
1433655,1.0702,1.0702,394.0
1434656,1.0799,1.0799,397.8
1435657,1.0774,1.0774,396.8
1436658,1.0750,1.0750,395.9
1437659,1.0718,1.0718,394.6
1438660,1.0718,1.0718,394.6
1439661,1.0710,1.0710,394.3
1440662,1.0678,1.0678,393.1
1441663,1.0750,1.0750,395.9
1442664,1.0750,1.0750,395.9
1443665,1.0710,1.0710,394.3
1444666,1.0758,1.0758,396.2
1445667,1.0766,1.0766,396.5
1446668,1.0774,1.0774,396.8
1447669,1.0766,1.0766,396.5
1448670,1.0750,1.0750,395.9
1449671,1.0718,1.0718,394.6
1450672,1.0581,1.0581,389.4
1451673,1.0613,1.0613,390.6
1452674,1.0750,1.0750,395.9
1453675,1.0774,1.0774,396.8
1454676,1.0799,1.0799,397.8
1455677,1.0750,1.0750,395.9
1456678,1.0734,1.0734,395.3
1457679,1.0653,1.0653,392.2
1458680,1.0758,1.0758,396.2
1459681,1.0790,1.0790,397.4
1460682,1.0782,1.0782,397.1
1461683,1.0734,1.0734,395.3
1462684,1.0734,1.0734,395.3
1463685,1.0750,1.0750,395.9
1464686,1.0823,1.0823,398.7
1465687,1.0815,1.0815,398.4
1466688,1.0774,1.0774,396.8
1467689,1.0758,1.0758,396.2
1468690,1.0790,1.0790,397.4
1469691,1.0758,1.0758,396.2
1470692,1.0742,1.0742,395.6
1471693,1.0678,1.0678,393.1
1472694,1.0718,1.0718,394.6
1473695,1.0774,1.0774,396.8
1474696,1.0702,1.0702,394.0
1475697,1.0412,1.0412,383.0
1476698,0.7092,0.7092,263.5
1477699,1.0799,1.0799,397.8
1478700,1.0718,1.0718,394.6
1479701,1.0742,1.0742,395.6
1480702,1.0702,1.0702,394.0
1481703,1.0750,1.0750,395.9
1482704,1.0726,1.0726,395.0
1483705,1.0782,1.0782,397.1
1484706,1.0790,1.0790,397.4
1485707,1.0815,1.0815,398.4
1486708,1.0823,1.0823,398.7
1487709,1.0774,1.0774,396.8
1488710,1.0807,1.0807,398.1
1489711,1.0774,1.0774,396.8
1490712,1.0750,1.0750,395.9
1491713,1.0799,1.0799,397.8
1492714,1.0815,1.0815,398.4
1493715,1.0815,1.0815,398.4
1494716,1.0823,1.0823,398.7
1495717,1.0815,1.0815,398.4
1496718,1.0831,1.0831,399.0
1497719,1.0807,1.0807,398.1
1498720,1.0799,1.0799,397.8
1499721,1.0815,1.0815,398.4
1500722,1.0823,1.0823,398.7
1501723,1.0807,1.0807,398.1
1502724,1.0807,1.0807,398.1
1503725,0.3876,0.3876,150.8
1504726,0.0000,0.0000,0.0
1505727,0.0000,0.0000,0.0
1506728,0.0000,0.0000,0.0
1507729,0.0000,0.0000,0.0
1508730,0.0000,0.0000,0.0
1509731,0.0000,0.0000,0.0
1510732,0.0000,0.0000,0.0
1511733,0.0000,0.0000,0.0
1512734,0.0000,0.0000,0.0
1513735,0.0000,0.0000,0.0
1514736,0.0000,0.0000,0.0
1515737,0.0000,0.0000,0.0
1516738,0.0000,0.0000,0.0
1517739,0.0000,0.0000,0.0
1518740,0.0000,0.0000,0.0
1519741,0.0000,0.0000,0.0
1520742,0.0000,0.0000,0.0
1521743,0.0000,0.0000,0.0
1522744,0.0000,0.0000,0.0
1523745,0.0000,0.0000,0.0
1524746,0.0000,0.0000,0.0
1525747,0.0000,0.0000,0.0
1526748,0.0000,0.0000,0.0
1527749,0.3747,0.3747,146.2
1528750,0.3876,0.3876,150.8
1529751,0.3860,0.3860,150.3
1530752,0.3852,0.3852,150.0
1531753,0.3852,0.3852,150.0
1532754,0.3828,0.3828,149.1
1533755,0.3852,0.3852,150.0
1534756,0.3852,0.3852,150.0
1535757,0.3860,0.3860,150.3
1536758,0.3860,0.3860,150.3
1537759,0.3868,0.3868,150.5
1538760,0.3860,0.3860,150.3
1539761,0.3876,0.3876,150.8
1540762,0.3884,0.3884,151.1
1541763,0.3876,0.3876,150.8
1542764,0.3892,0.3892,151.4
1543765,0.3884,0.3884,151.1
1544766,0.3860,0.3860,150.3
1545767,0.3868,0.3868,150.5
1546768,0.3844,0.3844,149.7
1547769,0.3860,0.3860,150.3
1548770,0.3852,0.3852,150.0
1549771,0.3860,0.3860,150.3
1550772,0.3860,0.3860,150.3
1551773,0.3860,0.3860,150.3
1552774,0.3876,0.3876,150.8
1553775,0.3868,0.3868,150.5
1554776,0.3860,0.3860,150.3
1555777,0.3860,0.3860,150.3
1556778,0.3876,0.3876,150.8
1557779,0.3828,0.3828,149.1
1558780,0.3860,0.3860,150.3
1559781,0.3844,0.3844,149.7
1560782,0.3844,0.3844,149.7
1561783,0.3876,0.3876,150.8
1562784,0.3860,0.3860,150.3
1563785,0.3892,0.3892,151.4
1564786,0.3852,0.3852,150.0
1565787,0.3884,0.3884,151.1
1566788,0.3788,0.3788,147.6
1567789,0.3691,0.3691,144.2
1568790,0.3642,0.3642,142.4
1569791,0.3530,0.3530,138.3
1570792,0.3578,0.3578,140.1
1571793,0.3796,0.3796,147.9
1572794,0.3844,0.3844,149.7
1573795,0.3868,0.3868,150.5
1574796,0.3860,0.3860,150.3
1575797,0.3860,0.3860,150.3
1576798,0.3868,0.3868,150.5
1577799,0.3884,0.3884,151.1
1578800,0.3868,0.3868,150.5
1579801,0.3844,0.3844,149.7
1580802,0.3804,0.3804,148.2
1581803,0.0000,0.0000,0.0
1582804,0.0000,0.0000,0.0
1583805,0.0000,0.0000,0.0
1584806,0.0000,0.0000,0.0
1585807,0.0000,0.0000,0.0
1586808,0.0000,0.0000,0.0
1587809,0.0000,0.0000,0.0
1588810,0.0000,0.0000,0.0
1589811,0.0000,0.0000,0.0
1590812,0.0000,0.0000,0.0
1591813,0.0000,0.0000,0.0
1592814,0.0000,0.0000,0.0